Age_Group,Population,AgeStart,Year,Sex,Cumulative_Population,Kx,C(x) - Kx,Smoothed C(x) - Kx,Smoothed C(x),Smoothed Population
0-4,5896313.0,0,2015,Both sexes,5896313.0,0.0,5896313.0,5798751.006302518,5798751.006302518,5798751.006302518
5-9,5128086.0,5,2015,Both sexes,11024399.0,2752871.0,8271528.0,8427983.42436975,11180854.42436975,5382103.418067233
10-14,4625950.5,10,2015,Both sexes,15650349.5,5505742.0,10144607.5,10233729.692190167,15739471.692190167,4558617.267820416
15-19,3995699.5,15,2015,Both sexes,19646049.0,8258612.999999999,11387436.0,11295253.529529296,19553866.529529296,3814394.8373391293
20-24,3208590.0,20,2015,Both sexes,22854639.0,11011484.0,11843155.0,11691029.242125522,22702513.242125522,3148646.7125962265
25-29,2454215.5,25,2015,Both sexes,25308854.5,13764354.999999998,11544499.500000002,11498741.721690072,25263096.72169007,2560583.4795645475
30-34,1917396.0,30,2015,Both sexes,27226250.5,16517225.999999998,10709024.500000002,10795286.44590703,27312512.445907027,2049415.7242169566
35-39,1604674.5,35,2015,Both sexes,28830925.0,19270097.0,9560828.0,9656769.478433326,28926866.478433326,1614354.0325262994
40-44,1311634.0,40,2015,Both sexes,30142559.0,22022968.0,8119591.0,8158507.468898744,30181475.468898743,1254608.9904654175
45-49,1030904.5,45,2015,Both sexes,31173463.5,24775838.999999996,6397624.500000004,6375027.652905913,31150866.65290591,969391.1840071678
50-54,791818.5,50,2015,Both sexes,31965282.0,27528709.999999996,4436572.000000004,4380067.852030317,31908777.852030315,757911.1991244033
55-59,609556.5,55,2015,Both sexes,32574838.5,30281580.999999996,2293257.5000000037,2246576.473820292,32528157.473820288,619379.6217899732
60-64,459613.5,60,2015,Both sexes,33034452.0,33034451.999999996,3.725290298461914e-09,46712.511797022074,33081164.51179702,553007.0379767306
0-4,6478381.0,0,2020,Both sexes,6478381.0,0.0,6478381.0,6422614.181965103,6422614.181965103,6422614.181965103
5-9,5747300.0,5,2020,Both sexes,12225681.0,3178563.125,9047117.875,9086980.729880422,12265543.854880422,5842929.672915319
10-14,5052225.0,10,2020,Both sexes,17277906.0,6357126.25,10920779.75,11043721.10585004,17400847.35585004,5135303.500969619
15-19,4547132.0,15,2020,Both sexes,21825038.0,9535689.375,12289348.625,12300784.4038682,21836473.7788682,4435626.4230181575
20-24,3897135.5,20,2020,Both sexes,25722173.5,12714252.5,13007921.0,12879514.04824588,25593766.54824588,3757292.7693776824
25-29,3117390.0,25,2020,Both sexes,28839563.5,15892815.625,12946747.875,12814647.793610808,28707463.418610808,3113696.8703649268
30-34,2382902.0,30,2020,Both sexes,31222465.5,19071378.75,12151086.75,12154317.72490745,31225696.47490745,2518233.056296643
35-39,1857881.5,35,2020,Both sexes,33080347.0,22249941.875,10830405.125,10960050.257397015,33209992.132397015,1984295.6574895643
40-44,1548385.0,40,2020,Both sexes,34628732.0,25428505.0,9200227.0,9306766.136657458,34735271.13665746,1525279.0042604469
45-49,1256291.0,45,2020,Both sexes,35885023.0,28607068.125,7277954.875,7282780.438583478,35889848.56358348,1154577.4269260168
50-54,975438.0,50,2020,Both sexes,36860461.0,31785631.25,5074829.75,4989802.569386493,36775433.8193865,885585.2558030188
55-59,734529.0,55,2020,Both sexes,37594990.0,34964194.375,2630795.625,2542936.2655947013,37507130.6405947,731696.8212082013
60-64,547767.5,60,2020,Both sexes,38142757.5,38142757.5,0.0,70679.59405301698,38213437.094053015,706306.4534583166
0-4,6587946.5,0,2022,Both sexes,6587946.5,0.0,6587946.5,6556281.045087275,6556281.045087275,6556281.045087275
5-9,5895752.5,5,2022,Both sexes,12483699.0,3301929.375,9181769.625,9186428.622414356,12488357.997414356,5932076.952327081
10-14,5200496.0,10,2022,Both sexes,17684195.0,6603858.75,11080336.25,11161944.34813716,17765803.098137163,5277445.1007228065
15-19,4631923.5,15,2022,Both sexes,22316118.5,9905788.125,12410330.375,12467129.683074282,22372917.80807428,4607114.709937118
20-24,4072960.0,20,2022,Both sexes,26389078.5,13207717.5,13181361.0,13103679.646867841,26311397.14686784,3938479.338793561
25-29,3348016.0,25,2022,Both sexes,29737094.5,16509646.875,13227447.625,13090682.81798349,29600329.69298349,3288932.546115648
30-34,2576735.0,30,2022,Both sexes,32313829.5,19811576.25,12502253.25,12464621.33371041,32276197.58371041,2675867.89072692
35-39,1976412.0,35,2022,Both sexes,34290241.5,23113505.625,11176735.875,11279370.890161313,34392876.51516131,2116678.9314509034
40-44,1613110.0,40,2022,Both sexes,35903351.5,26415435.0,9487916.5,9606200.742272438,36021635.74227244,1628759.2271111235
45-49,1324159.5,45,2022,Both sexes,37227511.0,29717364.375,7510146.625,7533773.703803554,37251138.078803554,1229502.3365311176
50-54,1038712.5,50,2022,Both sexes,38266223.5,33019293.75,5246929.75,5168146.147337957,38187439.89733796,936301.818534404
55-59,781336.0,55,2022,Both sexes,39047559.5,36321223.125,2726336.375,2632768.0042824848,38953991.12928248,766551.2319445238
60-64,575593.0,60,2022,Both sexes,39623152.5,39623152.5,0.0,68482.76486749016,39691635.26486749,737644.13558501
0-4,6778382.5,0,2024,Both sexes,6778382.5,0.0,6778382.5,6769271.320943768,6769271.320943768,6769271.320943768
5-9,6089742.5,5,2024,Both sexes,12868125.0,3468628.2083333335,9399496.791666666,9381043.132649215,12849671.340982549,6080400.020038781
10-14,5422320.5,10,2024,Both sexes,18290445.5,6937256.416666667,11353189.083333332,11382988.297090165,18320244.713756833,5470573.372774284
15-19,4771935.0,15,2024,Both sexes,23062380.5,10405884.625,12656495.875,12738597.781358346,23144482.406358346,4824237.692601513
20-24,4264189.0,20,2024,Both sexes,27326569.5,13874512.833333334,13452056.666666666,13432029.918444302,27306542.751777634,4162060.3454192877
25-29,3596081.5,25,2024,Both sexes,30922651.0,17343141.041666668,13579509.958333332,13468110.40723737,30811251.448904037,3504708.6971264035
30-34,2833648.5,30,2024,Both sexes,33756299.5,20811769.25,12944530.25,12872332.312525706,33684101.562525705,2872850.113621667
35-39,2162245.0,35,2024,Both sexes,35918544.5,24280397.458333336,11638147.041666664,11690856.064996272,35971253.52332961,2287151.9608039036
40-44,1703644.0,40,2024,Both sexes,37622188.5,27749025.666666668,9873162.833333332,9990509.461234834,37739535.1279015,1768281.6045718938
45-49,1409441.5,45,2024,Both sexes,39031630.0,31217653.875000004,7813976.124999996,7858787.663725968,39076441.53872597,1336906.4108244702
50-54,1121345.5,50,2024,Both sexes,40152975.5,34686282.083333336,5466693.416666664,5403853.200853058,40090135.28418639,1013693.7454604208
55-59,849543.0,55,2024,Both sexes,41002518.5,38154910.29166667,2847608.2083333284,2754535.966898296,40909446.258564964,819310.9743785709
60-64,621020.0,60,2024,Both sexes,41623538.5,41623538.5,0.0,60333.22204266954,41683871.72204267,774425.4634777084
0-4,7383196.0,0,2030,Both sexes,7383196.0,0.0,7383196.0,7414261.799612164,7414261.799612164,7414261.799612164
5-9,6805875.0,5,2030,Both sexes,14189071.0,4061819.3333333335,10127251.666666666,10086219.071320843,14148038.404654177,6733776.605042013
10-14,6169357.0,10,2030,Both sexes,20358428.0,8123638.666666667,12234789.333333332,12193682.345497645,20317321.012164313,6169282.607510136
15-19,5509860.0,15,2030,Both sexes,25868288.0,12185458.0,13682830.0,13678233.690221552,25863691.69022155,5546370.678057238
20-24,4780723.5,20,2030,Both sexes,30649011.5,16247277.333333334,14401734.166666666,14502941.880276594,30750219.213609926,4886527.523388375
25-29,4263597.0,25,2030,Both sexes,34912608.5,20309096.666666668,14603511.833333332,14652362.397151876,34961459.063818544,4211239.850208618
30-34,3656055.5,30,2030,Both sexes,38568664.0,24370916.0,14197748.0,14132537.429041555,38503453.42904156,3541994.365223013
35-39,2922809.5,35,2030,Both sexes,41491473.5,28432735.333333336,13058738.166666664,12970995.870844848,41403731.204178184,2900277.7751366273
40-44,2222486.0,40,2030,Both sexes,43713959.5,32494554.666666668,11219404.833333332,11216753.324166035,43711307.9908327,2307576.786654517
45-49,1713057.0,45,2030,Both sexes,45427016.5,36556374.0,8870642.5,8940312.097314456,45496686.097314455,1785378.1064817533
50-54,1400302.5,50,2030,Both sexes,46827319.0,40618193.333333336,6209125.666666664,6233661.205304507,46851854.53863785,1355168.441323392
55-59,1101079.0,55,2030,Both sexes,47928398.0,44680012.66666667,3248385.3333333284,3210276.3698556395,47890289.036522314,1038434.4978844672
60-64,813434.0,60,2030,Both sexes,48741832.0,48741832.0,0.0,5120.01939238701,48746952.019392386,856662.9828700721
